0 18.046
1 18.046
2 18.045
3 18.044
4 18.043
5 18.043
6 18.044
7 18.044
8 18.044
9 18.044
10 18.043
11 18.044
12 18.044
13 18.044
14 18.044
15 18.044
16 18.044
17 18.044
18 18.043
19 18.042
20 18.042
21 18.043
22 18.045
23 18.045
24 18.045
25 18.045
26 18.046
27 18.046
28 18.047
29 18.047
30 18.047
31 18.047
32 18.047
33 18.047
34 18.048
35 18.048
36 18.048
37 18.048
38 18.049
39 18.05
40 18.05
41 18.05
42 18.049
43 18.049
44 18.049
45 18.049
46 18.049
47 18.049
48 18.049
49 18.05
50 18.05
51 18.05
52 18.051
53 18.051
54 18.05
55 18.05
56 18.051
57 18.052
58 18.052
59 18.052
60 18.052
61 18.053
62 18.053
63 18.053
64 18.052
65 18.051
66 18.051
67 18.052
68 18.052
69 18.053
70 18.054
71 18.053
72 18.053
73 18.053
74 18.054
75 18.054
76 18.054
77 18.054
78 18.054
79 18.055
80 18.055
81 18.056
82 18.057
83 18.058
84 18.059
85 18.058
86 18.057
87 18.057
88 18.057
89 18.057
90 18.055
91 18.054
92 18.053
93 18.052
94 18.052
95 18.052
96 18.053
97 18.053
98 18.053
99 18.052
100 18.051
101 18.052
102 18.052
103 18.051
104 18.05
105 18.05
106 18.051
107 18.051
108 18.05
109 18.05
110 18.049
111 18.049
112 18.048
113 18.048
114 18.047
115 18.047
116 18.047
117 18.047
118 18.047
119 18.046
120 18.045
121 18.044
122 18.044
123 18.045
124 18.045
125 18.045
126 18.045
127 18.044
128 18.044
129 18.043
130 18.042
131 18.04
132 18.039
133 18.039
134 18.039
135 18.039
136 18.039
137 18.039
138 18.04
139 18.039
140 18.038
141 18.037
142 18.037
143 18.037
144 18.037
145 18.036
146 18.036
147 18.035
148 18.034
149 18.034
150 18.034
151 18.033
152 18.031
153 18.031
154 18.031
155 18.031
156 18.031
157 18.03
158 18.03
159 18.03
160 18.03
161 18.03
162 18.029
163 18.028
164 18.028
165 18.028
166 18.028
167 18.026
168 18.025
169 18.025
170 18.025
171 18.024
172 18.023
173 18.022
174 18.021
175 18.02
176 18.02
177 18.021
178 18.022
179 18.022
180 18.021
181 18.02
182 18.02
183 18.02
184 18.02
185 18.02
186 18.02
187 18.02
188 18.02
189 18.02
190 18.019
191 18.018
192 18.018
193 18.018
194 18.018
195 18.018
196 18.017
197 18.017
198 18.016
199 18.016
200 18.015
201 18.015
202 18.016
203 18.017
204 18.018
205 18.018
206 18.017
207 18.017
208 18.018
209 18.018
210 18.018
211 18.017
212 18.017
213 18.019
214 18.02
215 18.021
216 18.021
217 18.021
218 18.022
219 18.023
220 18.023
221 18.023
222 18.022
223 18.022
224 18.023
225 18.024
226 18.023
227 18.022
228 18.022
229 18.022
230 18.022
231 18.023
232 18.024
233 18.024
234 18.024
235 18.023
236 18.022
237 18.021
238 18.021
239 18.021
240 18.022
241 18.023
242 18.023
243 18.024
244 18.024
245 18.023
246 18.023
247 18.024
248 18.024
249 18.023
250 18.023
251 18.022
252 18.022
253 18.022
254 18.021
255 18.021
256 18.02
257 18.019
258 18.019
259 18.019
260 18.019
261 18.018
262 18.018
263 18.019
264 18.02
265 18.019
266 18.017
267 18.017
268 18.017
269 18.018
270 18.018
271 18.019
272 18.019
273 18.019
274 18.019
275 18.02
276 18.021
277 18.022
278 18.023
279 18.023
280 18.022
281 18.022
282 18.022
283 18.023
284 18.023
285 18.022
286 18.021
287 18.021
288 18.021
289 18.021
290 18.021
291 18.021
292 18.02
293 18.02
294 18.02
295 18.02
296 18.021
297 18.021
298 18.021
299 18.021
300 18.021
301 18.021
302 18.021
303 18.021
304 18.021
305 18.021
306 18.021
307 18.02
308 18.02
309 18.019
310 18.019
311 18.019
312 18.02
313 18.019
314 18.019
315 18.02
316 18.021
317 18.021
318 18.022
319 18.022
320 18.023
321 18.023
322 18.022
323 18.021
324 18.021
325 18.022
326 18.023
327 18.023
328 18.023
329 18.023
330 18.023
331 18.022
332 18.022
333 18.024
334 18.025
335 18.025
336 18.024
337 18.024
338 18.026
339 18.026
340 18.026
341 18.026
342 18.026
343 18.026
344 18.026
345 18.027
346 18.028
347 18.028
348 18.029
349 18.029
350 18.03
351 18.03
352 18.03
353 18.03
354 18.03
355 18.031
356 18.032
357 18.033
358 18.033
359 18.034
360 18.034
361 18.035
362 18.035
363 18.034
364 18.033
365 18.033
366 18.034
367 18.034
368 18.034
369 18.034
370 18.033
371 18.033
372 18.033
373 18.032
374 18.031
375 18.031
376 18.032
377 18.034
378 18.036
379 18.035
380 18.034
381 18.034
382 18.034
383 18.034
384 18.035
385 18.035
386 18.036
387 18.037
388 18.037
389 18.037
390 18.037
391 18.037
392 18.038
393 18.038
394 18.039
395 18.038
396 18.038
397 18.037
398 18.037
399 18.037
400 18.036
401 18.036
402 18.036
403 18.036
404 18.036
405 18.036
406 18.035
407 18.035
408 18.034
409 18.033
410 18.032
411 18.032
412 18.032
413 18.032
414 18.033
415 18.034
416 18.033
417 18.032
418 18.03
419 18.031
420 18.033
421 18.034
422 18.033
423 18.033
424 18.034
425 18.034
426 18.035
427 18.034
428 18.034
429 18.035
430 18.035
431 18.035
432 18.035
433 18.035
434 18.035
435 18.036
436 18.038
437 18.038
438 18.039
439 18.04
440 18.041
441 18.041
442 18.042
443 18.042
444 18.043
445 18.044
446 18.045
447 18.045
448 18.046
449 18.046
450 18.047
451 18.047
452 18.048
453 18.049
454 18.05
455 18.05
456 18.05
457 18.05
458 18.05
459 18.05
460 18.049
461 18.05
462 18.052
463 18.052
464 18.051
465 18.051
466 18.051
467 18.051
468 18.051
469 18.052
470 18.052
471 18.054
472 18.054
473 18.054
474 18.053
475 18.054
476 18.055
477 18.054
478 18.053
479 18.054
480 18.055
481 18.056
482 18.056
483 18.055
484 18.055
485 18.053
486 18.052
487 18.052
488 18.052
489 18.052
490 18.051
491 18.05
492 18.049
493 18.049
494 18.049
495 18.049
496 18.048
497 18.049
498 18.049
499 18.05
500 18.05
501 18.049
502 18.049
503 18.049
504 18.05
505 18.049
506 18.049
507 18.049
508 18.049
509 18.048
510 18.048
511 18.048
512 18.047
513 18.047
514 18.046
515 18.045
516 18.045
517 18.045
518 18.046
519 18.047
520 18.046
521 18.045
522 18.044
523 18.043
524 18.043
525 18.044
526 18.044
527 18.044
528 18.043
529 18.043
530 18.043
531 18.042
532 18.042
533 18.042
534 18.042
535 18.041
536 18.041
537 18.04
538 18.04
539 18.039
540 18.038
541 18.037
542 18.037
543 18.037
544 18.037
545 18.037
546 18.037
547 18.037
548 18.037
549 18.038
550 18.038
551 18.038
552 18.037
553 18.037
554 18.038
555 18.037
556 18.037
557 18.037
558 18.038
559 18.038
560 18.038
561 18.038
562 18.038
563 18.038
564 18.038
565 18.038
566 18.038
567 18.039
568 18.04
569 18.038
570 18.037
571 18.036
572 18.037
573 18.037
574 18.037
575 18.036
576 18.036
577 18.037
578 18.037
579 18.036
580 18.035
581 18.035
582 18.036
583 18.037
584 18.037
585 18.036
586 18.035
587 18.036
588 18.036
589 18.035
590 18.033
591 18.033
592 18.033
593 18.034
594 18.034
595 18.033
596 18.033
597 18.034
598 18.034
599 18.035
600 18.035
601 18.035
602 18.035
603 18.036
604 18.037
605 18.037
606 18.037
607 18.037
608 18.037
609 18.037
610 18.038
611 18.039
612 18.04
613 18.04
614 18.04
615 18.04
616 18.039
617 18.037
618 18.036
619 18.036
620 18.037
621 18.036
622 18.035
623 18.035
624 18.036
625 18.035
626 18.035
627 18.033
628 18.032
629 18.032
630 18.032
631 18.032
632 18.032
633 18.032
634 18.033
635 18.033
636 18.033
637 18.032
638 18.031
639 18.031
640 18.032
641 18.033
642 18.033
643 18.033
644 18.033
645 18.034
646 18.034
647 18.034
648 18.035
649 18.035
650 18.036
651 18.036
652 18.036
653 18.036
654 18.036
655 18.037
656 18.038
657 18.038
658 18.038
659 18.038
660 18.037
661 18.039
662 18.04
663 18.04
664 18.039
665 18.039
666 18.039
667 18.039
668 18.039
669 18.038
670 18.037
671 18.037
672 18.038
673 18.037
674 18.036
675 18.035
676 18.036
677 18.037
678 18.037
679 18.036
680 18.035
681 18.036
682 18.037
683 18.036
684 18.036
685 18.036
686 18.036
687 18.036
688 18.037
689 18.037
690 18.037
691 18.037
692 18.037
693 18.038
694 18.038
695 18.037
696 18.037
697 18.037
698 18.037
699 18.037
700 18.037
701 18.037
702 18.037
703 18.036
704 18.035
705 18.036
706 18.037
707 18.038
708 18.037
709 18.037
710 18.037
711 18.037
712 18.038
713 18.038
714 18.037
715 18.038
716 18.039
717 18.04
718 18.04
719 18.04
720 18.04
721 18.039
722 18.039
723 18.04
724 18.04
725 18.04
726 18.04
727 18.039
728 18.039
729 18.039
730 18.04
731 18.039
732 18.039
733 18.04
734 18.042
735 18.042
736 18.042
737 18.043
738 18.044
739 18.044
740 18.044
741 18.045
742 18.046
743 18.048
744 18.048
745 18.048
746 18.047
747 18.047
748 18.047
749 18.047
750 18.045
751 18.045
752 18.045
753 18.045
754 18.045
755 18.045
756 18.045
757 18.045
758 18.044
759 18.044
760 18.045
761 18.045
762 18.045
763 18.046
764 18.046
765 18.047
766 18.048
767 18.049
768 18.049
769 18.049
770 18.048
771 18.049
772 18.049
773 18.05
774 18.05
775 18.05
776 18.05
777 18.051
778 18.052
779 18.053
780 18.053
781 18.053
782 18.053
783 18.053
784 18.053
785 18.053
786 18.054
787 18.053
788 18.053
789 18.053
790 18.052
791 18.051
792 18.05
793 18.051
794 18.052
795 18.052
796 18.051
797 18.051
798 18.052
799 18.052
800 18.053
801 18.053
802 18.053
803 18.053
804 18.053
805 18.053
806 18.053
807 18.053
808 18.053
809 18.054
810 18.054
811 18.055
812 18.055
813 18.055
814 18.056
815 18.056
816 18.056
817 18.055
818 18.054
819 18.055
820 18.055
821 18.056
822 18.056
823 18.055
824 18.055
825 18.056
826 18.056
827 18.055
828 18.055
829 18.056
830 18.057
831 18.056
832 18.056
833 18.057
834 18.057
835 18.057
836 18.057
837 18.058
838 18.059
839 18.059
840 18.059
841 18.059
842 18.059
843 18.059
844 18.059
845 18.059
846 18.058
847 18.057
848 18.056
849 18.056
850 18.056
851 18.057
852 18.057
853 18.056
854 18.055
855 18.055
856 18.055
857 18.055
858 18.056
859 18.057
860 18.058
861 18.058
862 18.058
863 18.058
864 18.059
865 18.059
866 18.059
867 18.059
868 18.059
869 18.06
870 18.06
871 18.061
872 18.061
873 18.061
874 18.061
875 18.061
876 18.062
877 18.063
878 18.063
879 18.064
880 18.064
881 18.064
882 18.063
883 18.063
884 18.063
885 18.062
886 18.062
887 18.061
888 18.061
889 18.06
890 18.06
891 18.062
892 18.064
893 18.063
894 18.062
895 18.062
896 18.062
897 18.062
898 18.062
899 18.061
900 18.061
901 18.06
902 18.06
903 18.061
904 18.062
905 18.062
906 18.062
907 18.062
908 18.063
909 18.063
910 18.062
911 18.062
912 18.062
913 18.061
914 18.061
915 18.06
916 18.059
917 18.059
918 18.06
919 18.059
920 18.059
921 18.059
922 18.06
923 18.06
924 18.06
925 18.06
926 18.06
927 18.061
928 18.061
929 18.062
930 18.062
931 18.062
932 18.063
933 18.063
934 18.064
935 18.064
936 18.063
937 18.064
938 18.065
939 18.064
940 18.063
941 18.063
942 18.064
943 18.065
944 18.065
945 18.065
946 18.064
947 18.065
948 18.066
949 18.066
950 18.066
951 18.067
952 18.068
953 18.068
954 18.068
955 18.068
956 18.069
957 18.069
958 18.069
959 18.07
960 18.072
961 18.071
962 18.071
963 18.071
964 18.072
965 18.072
966 18.073
967 18.073
968 18.074
969 18.075
970 18.077
971 18.077
972 18.077
973 18.077
974 18.077
975 18.077
976 18.077
