0 18.046
1 18.041
2 18.037
3 18.041
4 18.037
5 18.04
6 18.042
7 18.041
8 18.041
9 18.043
10 18.034
11 18.042
12 18.044
13 18.044
14 18.046
15 18.05
16 18.054
17 18.059
18 18.057
19 18.065
20 18.068
21 18.075
22 18.081
23 18.085
24 18.089
25 18.091
26 18.103
27 18.111
28 18.12
29 18.125
30 18.134
31 18.142
32 18.148
33 18.162
34 18.167
35 18.179
36 18.181
37 18.192
38 18.2
39 18.206
40 18.215
41 18.224
42 18.232
43 18.245
44 18.259
45 18.263
46 18.276
47 18.282
48 18.289
49 18.3
50 18.304
51 18.313
52 18.322
53 18.33
54 18.344
55 18.354
56 18.363
57 18.372
58 18.384
59 18.388
60 18.402
61 18.408
62 18.421
63 18.428
64 18.44
65 18.446
66 18.45
67 18.457
68 18.469
69 18.482
70 18.488
71 18.495
72 18.505
73 18.513
74 18.523
75 18.533
76 18.539
77 18.548
78 18.56
79 18.574
80 18.582
81 18.592
82 18.598
83 18.61
84 18.613
85 18.621
86 18.63
87 18.64
88 18.65
89 18.658
90 18.667
91 18.675
92 18.682
93 18.683
94 18.695
95 18.703
96 18.709
97 18.718
98 18.723
99 18.734
100 18.74
101 18.746
102 18.754
103 18.767
104 18.778
105 18.788
106 18.791
107 18.803
108 18.807
109 18.814
110 18.825
111 18.829
112 18.837
113 18.846
114 18.857
115 18.862
116 18.874
117 18.877
118 18.885
119 18.892
120 18.897
121 18.906
122 18.912
123 18.92
124 18.935
125 18.939
126 18.949
127 18.954
128 18.963
129 18.97
130 18.982
131 18.987
132 18.99
133 18.996
134 19.009
135 19.015
136 19.023
137 19.032
138 19.039
139 19.049
140 19.057
141 19.065
142 19.069
143 19.081
144 19.093
145 19.105
146 19.112
147 19.123
148 19.126
149 19.13
150 19.139
151 19.142
152 19.148
153 19.153
154 19.158
155 19.165
156 19.177
157 19.183
158 19.188
159 19.198
160 19.209
161 19.218
162 19.226
163 19.23
164 19.236
165 19.249
166 19.262
167 19.263
168 19.277
169 19.283
170 19.288
171 19.291
172 19.299
173 19.301
174 19.301
175 19.311
176 19.319
177 19.33
178 19.333
179 19.343
180 19.348
181 19.354
182 19.36
183 19.365
184 19.37
185 19.381
186 19.382
187 19.386
188 19.391
189 19.4
190 19.413
191 19.418
192 19.426
193 19.432
194 19.441
195 19.44
196 19.449
197 19.46
198 19.463
199 19.468
200 19.473
201 19.48
202 19.49
203 19.499
204 19.501
205 19.506
206 19.513
207 19.522
208 19.529
209 19.536
210 19.55
211 19.554
212 19.564
213 19.57
214 19.577
215 19.579
216 19.587
217 19.593
218 19.603
219 19.613
220 19.622
221 19.621
222 19.627
223 19.632
224 19.638
225 19.648
226 19.651
227 19.659
228 19.665
229 19.67
230 19.676
231 19.685
232 19.692
233 19.699
234 19.713
235 19.719
236 19.729
237 19.737
238 19.741
239 19.746
240 19.75
241 19.756
242 19.763
243 19.769
244 19.779
245 19.788
246 19.799
247 19.807
248 19.813
249 19.821
250 19.824
251 19.832
252 19.839
253 19.839
254 19.845
255 19.853
256 19.86
257 19.869
258 19.874
259 19.877
260 19.884
261 19.889
262 19.893
263 19.898
264 19.906
265 19.911
266 19.923
267 19.922
268 19.934
269 19.944
270 19.948
271 19.958
272 19.962
273 19.962
274 19.967
275 19.972
276 19.975
277 19.989
278 19.989
279 20
280 20
281 20.005
282 20.016
283 20.027
284 20.036
285 20.041
286 20.042
287 20.055
288 20.062
289 20.067
290 20.071
291 20.08
292 20.082
293 20.091
294 20.094
295 20.099
296 20.1
297 20.108
298 20.114
299 20.121
300 20.134
301 20.137
302 20.146
303 20.154
304 20.159
305 20.166
306 20.173
307 20.181
308 20.186
309 20.19
310 20.198
311 20.205
312 20.208
313 20.216
314 20.22
315 20.227
316 20.227
317 20.233
318 20.238
319 20.246
320 20.255
321 20.259
322 20.263
323 20.267
324 20.277
325 20.282
326 20.287
327 20.293
328 20.295
329 20.301
330 20.306
331 20.317
332 20.321
333 20.327
334 20.336
335 20.34
336 20.343
337 20.353
338 20.355
339 20.357
340 20.362
341 20.37
342 20.373
343 20.383
344 20.392
345 20.391
346 20.402
347 20.409
348 20.414
349 20.423
350 20.428
351 20.434
352 20.437
353 20.448
354 20.455
355 20.457
356 20.466
357 20.475
358 20.478
359 20.485
360 20.492
361 20.496
362 20.502
363 20.506
364 20.514
365 20.515
366 20.519
367 20.529
368 20.532
369 20.541
370 20.543
371 20.555
372 20.558
373 20.56
374 20.566
375 20.565
376 20.572
377 20.573
378 20.581
379 20.586
380 20.591
381 20.602
382 20.61
383 20.613
384 20.619
385 20.627
386 20.63
387 20.635
388 20.644
389 20.649
390 20.651
391 20.663
392 20.669
393 20.677
394 20.68
395 20.694
396 20.697
397 20.704
398 20.707
399 20.713
400 20.722
401 20.722
402 20.732
403 20.741
404 20.749
405 20.753
406 20.761
407 20.763
408 20.765
409 20.764
410 20.768
411 20.773
412 20.776
413 20.781
414 20.787
415 20.794
416 20.798
417 20.8
418 20.802
419 20.811
420 20.816
421 20.824
422 20.827
423 20.838
424 20.841
425 20.846
426 20.851
427 20.853
428 20.853
429 20.859
430 20.868
431 20.875
432 20.877
433 20.885
434 20.891
435 20.892
436 20.901
437 20.906
438 20.915
439 20.922
440 20.923
441 20.928
442 20.934
443 20.938
444 20.938
445 20.949
446 20.955
447 20.96
448 20.963
449 20.973
450 20.982
451 20.985
452 20.999
453 20.999
454 21.008
455 21.007
456 21.013
457 21.015
458 21.022
459 21.028
460 21.029
461 21.04
462 21.041
463 21.049
464 21.053
465 21.059
466 21.062
467 21.065
468 21.07
469 21.075
470 21.079
471 21.084
472 21.09
473 21.096
474 21.105
475 21.107
476 21.115
477 21.12
478 21.126
479 21.132
480 21.138
481 21.14
482 21.146
483 21.149
484 21.16
485 21.161
486 21.166
487 21.171
488 21.172
489 21.172
490 21.178
491 21.187
492 21.188
493 21.198
494 21.202
495 21.211
496 21.213
497 21.213
498 21.221
499 21.223
500 21.232
501 21.231
502 21.237
503 21.235
504 21.245
505 21.247
506 21.249
507 21.259
508 21.266
509 21.267
510 21.28
511 21.286
512 21.293
513 21.294
514 21.3
515 21.304
516 21.31
517 21.314
518 21.316
519 21.315
520 21.324
521 21.326
522 21.331
523 21.336
524 21.341
525 21.345
526 21.348
527 21.352
528 21.36
529 21.362
530 21.361
531 21.37
532 21.37
533 21.376
534 21.386
535 21.393
536 21.394
537 21.404
538 21.405
539 21.407
540 21.41
541 21.415
542 21.415
543 21.414
544 21.419
545 21.428
546 21.435
547 21.44
548 21.444
549 21.447
550 21.445
551 21.451
552 21.453
553 21.459
554 21.463
555 21.461
556 21.467
557 21.471
558 21.478
559 21.483
560 21.49
561 21.49
562 21.497
563 21.508
564 21.512
565 21.516
566 21.515
567 21.525
568 21.533
569 21.531
570 21.534
571 21.542
572 21.547
573 21.552
574 21.555
575 21.558
576 21.563
577 21.566
578 21.57
579 21.572
580 21.578
581 21.578
582 21.587
583 21.588
584 21.591
585 21.595
586 21.604
587 21.611
588 21.62
589 21.625
590 21.625
591 21.623
592 21.631
593 21.638
594 21.64
595 21.649
596 21.651
597 21.657
598 21.663
599 21.668
600 21.67
601 21.667
602 21.669
603 21.67
604 21.674
605 21.679
606 21.689
607 21.694
608 21.696
609 21.705
610 21.708
611 21.705
612 21.71
613 21.709
614 21.717
615 21.719
616 21.729
617 21.738
618 21.745
619 21.747
620 21.756
621 21.761
622 21.76
623 21.763
624 21.773
625 21.775
626 21.772
627 21.771
628 21.773
629 21.779
630 21.78
631 21.787
632 21.78
633 21.79
634 21.796
635 21.797
636 21.806
637 21.81
638 21.813
639 21.822
640 21.827
641 21.83
642 21.835
643 21.834
644 21.837
645 21.84
646 21.844
647 21.845
648 21.853
649 21.851
650 21.859
651 21.855
652 21.861
653 21.871
654 21.881
655 21.882
656 21.885
657 21.892
658 21.894
659 21.894
660 21.899
661 21.903
662 21.908
663 21.912
664 21.92
665 21.921
666 21.926
667 21.932
668 21.936
669 21.944
670 21.95
671 21.961
672 21.967
673 21.97
674 21.975
675 21.98
676 21.981
677 21.976
678 21.977
679 21.976
680 21.976
681 21.978
682 21.981
683 21.991
684 21.99
685 21.999
686 21.999
687 22.007
688 22.004
689 22.007
690 22.011
691 22.02
692 22.03
693 22.032
694 22.04
695 22.043
696 22.045
697 22.046
698 22.048
699 22.05
700 22.051
701 22.052
702 22.058
703 22.061
704 22.071
705 22.068
706 22.072
707 22.078
708 22.079
709 22.081
710 22.088
711 22.089
712 22.095
713 22.101
714 22.107
715 22.11
716 22.117
717 22.12
718 22.122
719 22.125
720 22.129
721 22.132
722 22.136
723 22.143
724 22.146
725 22.149
726 22.154
727 22.155
728 22.156
729 22.158
730 22.161
731 22.167
732 22.164
733 22.168
734 22.167
735 22.179
736 22.186
737 22.191
738 22.194
739 22.202
740 22.206
741 22.211
742 22.215
743 22.216
744 22.219
745 22.23
746 22.23
747 22.238
748 22.233
749 22.241
750 22.246
751 22.247
752 22.251
753 22.259
754 22.261
755 22.262
756 22.263
757 22.266
758 22.263
759 22.272
760 22.274
761 22.279
762 22.284
763 22.281
764 22.288
765 22.291
766 22.294
767 22.303
768 22.308
769 22.311
770 22.316
771 22.312
772 22.314
773 22.316
774 22.321
775 22.323
776 22.332
777 22.337
778 22.346
779 22.356
780 22.355
781 22.353
782 22.355
783 22.36
784 22.366
785 22.374
786 22.373
787 22.375
788 22.38
789 22.378
790 22.379
791 22.382
792 22.388
793 22.388
794 22.395
795 22.396
796 22.399
797 22.409
798 22.415
799 22.42
800 22.418
801 22.419
802 22.426
803 22.429
804 22.435
805 22.44
806 22.444
807 22.445
808 22.445
809 22.449
810 22.454
811 22.457
812 22.461
813 22.467
814 22.47
815 22.469
816 22.468
817 22.478
818 22.478
819 22.482
820 22.489
821 22.491
822 22.499
823 22.496
824 22.497
825 22.503
826 22.506
827 22.504
828 22.504
829 22.505
830 22.512
831 22.519
832 22.518
833 22.525
834 22.529
835 22.533
836 22.534
837 22.537
838 22.546
839 22.546
840 22.551
841 22.555
842 22.555
843 22.559
844 22.562
845 22.567
846 22.573
847 22.571
848 22.572
849 22.575
850 22.583
851 22.585
852 22.586
853 22.591
854 22.589
855 22.591
856 22.595
857 22.6
858 22.601
859 22.61
860 22.611
861 22.615
862 22.619
863 22.618
864 22.624
865 22.628
866 22.633
867 22.632
868 22.632
869 22.638
870 22.643
871 22.651
872 22.658
873 22.658
874 22.661
875 22.665
876 22.661
877 22.662
878 22.668
879 22.67
880 22.67
881 22.675
882 22.677
883 22.682
884 22.685
885 22.685
886 22.692
887 22.694
888 22.701
889 22.702
890 22.705
891 22.708
892 22.715
893 22.719
894 22.72
895 22.727
896 22.724
897 22.726
898 22.73
899 22.731
900 22.739
901 22.743
902 22.737
903 22.741
904 22.737
905 22.737
906 22.731
907 22.743
908 22.746
909 22.749
910 22.756
911 22.763
912 22.768
913 22.772
914 22.771
915 22.775
916 22.77
917 22.776
918 22.778
919 22.789
920 22.796
921 22.8
922 22.798
923 22.796
924 22.803
925 22.801
926 22.807
927 22.809
928 22.813
929 22.818
930 22.819
931 22.826
932 22.83
933 22.828
934 22.834
935 22.834
936 22.843
937 22.842
938 22.848
939 22.849
940 22.853
941 22.854
942 22.861
943 22.861
944 22.867
945 22.866
946 22.872
947 22.875
948 22.873
949 22.878
950 22.879
951 22.884
952 22.892
953 22.897
954 22.884
955 22.879
956 22.886
957 22.884
958 22.89
959 22.889
960 22.886
961 22.892
962 22.897
963 22.901
964 22.904
965 22.909
966 22.917
967 22.92
968 22.923
969 22.929
970 22.931
971 22.936
972 22.943
973 22.936
974 22.944
975 22.944
976 22.95
