0 17.588
1 20.67
2 25.638
3 31.27
4 36.341
5 40.048
6 43.259
7 46.915
8 50.569
9 53.471
10 55.021
11 54.835
12 53.223
13 50.765
14 48.44
15 47.165
16 47.211
17 48.534
18 50.452
19 52.184
20 53.167
21 53.031
22 51.947
23 50.307
24 48.832
25 48.163
26 48.286
27 49.012
28 50.113
29 51.285
30 51.955
31 51.695
32 50.905
33 50.1
34 49.437
35 48.992
36 48.894
37 49.226
38 49.855
39 50.565
40 51.03
41 51.002
42 50.655
43 50.236
44 49.837
45 49.53
46 49.456
47 49.703
48 50.08
49 50.367
50 50.513
51 50.509
52 50.367
53 50.119
54 49.883
55 49.769
56 49.787
57 49.915
58 50.083
59 50.222
60 50.296
61 50.286
62 50.203
63 50.072
64 49.952
65 49.896
66 49.913
67 49.993
68 50.097
69 50.185
70 50.23
71 50.214
72 50.146
73 50.047
74 49.967
75 49.949
76 49.976
77 50.022
78 50.075
79 50.125
80 50.152
81 50.142
82 50.103
83 50.053
84 50.012
85 49.997
86 50.003
87 50.022
88 50.052
89 50.088
90 50.109
91 50.097
92 50.07
93 50.048
94 50.033
95 50.023
96 50.023
97 50.035
98 50.05
99 50.056
100 50.058
101 50.061
102 50.061
103 50.055
104 50.047
105 50.039
106 50.037
107 50.045
108 50.054
109 50.056
110 50.052
111 50.047
112 50.044
113 50.047
114 50.049
115 50.042
116 50.035
117 50.038
118 50.043
119 50.044
120 50.042
121 50.038
122 50.037
123 50.037
124 50.037
125 50.036
126 50.033
127 50.03
128 50.029
129 50.034
130 50.039
131 50.039
132 50.038
133 50.037
134 50.037
135 50.035
136 50.033
137 50.031
138 50.033
139 50.039
140 50.042
141 50.038
142 50.033
143 50.035
144 50.039
145 50.041
146 50.041
147 50.041
148 50.037
149 50.026
150 50.017
151 50.021
152 50.031
153 50.037
154 50.039
155 50.035
156 50.029
157 50.022
158 50.017
159 50.012
160 50.01
161 50.012
162 50.016
163 50.023
164 50.03
165 50.036
166 50.04
167 50.041
168 50.038
169 50.034
170 50.03
171 50.03
172 50.031
173 50.028
174 50.027
175 50.031
176 50.036
177 50.038
178 50.035
179 50.03
180 50.027
181 50.029
182 50.03
183 50.021
184 50.013
185 50.015
186 50.021
187 50.023
188 50.021
189 50.018
190 50.018
191 50.022
192 50.025
193 50.022
194 50.019
195 50.024
196 50.033
197 50.04
198 50.038
199 50.026
200 50.015
201 50.017
202 50.022
203 50.022
204 50.023
205 50.03
206 50.034
207 50.029
208 50.019
209 50.012
210 50.011
211 50.017
212 50.024
213 50.029
214 50.031
215 50.03
216 50.023
217 50.012
218 50.006
219 50.012
220 50.024
221 50.031
222 50.033
223 50.03
224 50.026
225 50.024
226 50.022
227 50.017
228 50.016
229 50.023
230 50.031
231 50.031
232 50.025
233 50.019
234 50.017
235 50.022
236 50.027
237 50.028
238 50.027
239 50.028
240 50.026
241 50.018
242 50.012
243 50.017
244 50.023
245 50.021
246 50.016
247 50.017
248 50.018
249 50.018
250 50.017
251 50.018
252 50.021
253 50.024
254 50.026
255 50.022
256 50.019
257 50.021
258 50.022
259 50.017
260 50.012
261 50.015
262 50.022
263 50.027
264 50.029
265 50.027
266 50.021
267 50.013
268 50.009
269 50.012
270 50.018
271 50.023
272 50.028
273 50.032
274 50.033
275 50.029
276 50.021
277 50.015
278 50.008
279 50.003
280 50.002
281 50.009
282 50.018
283 50.024
284 50.028
285 50.031
286 50.031
287 50.025
288 50.015
289 50.006
290 50.003
291 50.012
292 50.024
293 50.032
294 50.032
295 50.025
296 50.018
297 50.017
298 50.017
299 50.015
300 50.012
301 50.01
302 50.01
303 50.013
304 50.02
305 50.027
306 50.029
307 50.021
308 50.012
309 50.011
310 50.013
311 50.012
312 50.013
313 50.019
314 50.027
315 50.031
316 50.031
317 50.027
318 50.02
319 50.01
320 50.006
321 50.009
322 50.012
323 50.006
324 50.004
325 50.015
326 50.029
327 50.034
328 50.033
329 50.03
330 50.023
331 50.009
332 50.001
333 50.009
334 50.019
335 50.017
336 50.015
337 50.021
338 50.026
339 50.018
340 50.005
341 50
342 50.004
343 50.016
344 50.027
345 50.027
346 50.022
347 50.016
348 50.013
349 50.013
350 50.012
351 50.007
352 50.005
353 50.01
354 50.016
355 50.018
356 50.019
357 50.021
358 50.02
359 50.013
360 50.006
361 50.006
362 50.012
363 50.018
364 50.022
365 50.021
366 50.016
367 50.011
368 50.01
369 50.016
370 50.022
371 50.018
372 50.012
373 50.016
374 50.019
375 50.013
376 50.007
377 50.009
378 50.014
379 50.018
380 50.019
381 50.018
382 50.018
383 50.019
384 50.021
385 50.02
386 50.016
387 50.01
388 50.006
389 50.007
390 50.011
391 50.016
392 50.02
393 50.024
394 50.025
395 50.022
396 50.017
397 50.01
398 50.005
399 50.008
400 50.014
401 50.018
402 50.02
403 50.019
404 50.019
405 50.021
406 50.018
407 50.007
408 49.999
409 50.007
410 50.018
411 50.022
412 50.022
413 50.025
414 50.026
415 50.02
416 50.013
417 50.013
418 50.016
419 50.016
420 50.013
421 50.011
422 50.011
423 50.015
424 50.02
425 50.022
426 50.02
427 50.014
428 50.01
429 50.01
430 50.015
431 50.021
432 50.022
433 50.014
434 50.008
435 50.012
436 50.018
437 50.017
438 50.012
439 50.008
440 50.01
441 50.019
442 50.027
443 50.027
444 50.025
445 50.027
446 50.023
447 50.007
448 49.993
449 49.997
450 50.008
451 50.014
452 50.017
453 50.021
454 50.023
455 50.02
456 50.016
457 50.016
458 50.013
459 50.002
460 49.996
461 50.005
462 50.013
463 50.008
464 50
465 50.001
466 50.008
467 50.012
468 50.016
469 50.019
470 50.02
471 50.014
472 50.006
473 50
474 50
475 50.009
476 50.017
477 50.016
478 50.012
479 50.016
480 50.022
481 50.021
482 50.017
483 50.015
484 50.014
485 50.014
486 50.015
487 50.017
488 50.017
489 50.015
490 50.012
491 50.011
492 50.01
493 50.007
494 50.003
495 49.999
496 49.998
497 50.006
498 50.012
499 50.008
500 50.004
501 50.009
502 50.015
503 50.018
504 50.016
505 50.013
506 50.01
507 50.006
508 50.004
509 50.007
510 50.008
511 50.007
512 50.007
513 50.013
514 50.021
515 50.024
516 50.022
517 50.015
518 50.01
519 50.011
520 50.015
521 50.017
522 50.018
523 50.022
524 50.025
525 50.024
526 50.017
527 50.006
528 50
529 50.005
530 50.015
531 50.023
532 50.029
533 50.036
534 50.035
535 50.023
536 50.01
537 50.007
538 50.008
539 50.006
540 50.005
541 50.01
542 50.019
543 50.027
544 50.03
545 50.028
546 50.023
547 50.017
548 50.011
549 50.004
550 50
551 50.006
552 50.013
553 50.013
554 50.01
555 50.009
556 50.009
557 50.007
558 50.006
559 50.006
560 50.006
561 50.003
562 50.001
563 50.006
564 50.015
565 50.024
566 50.027
567 50.02
568 50.01
569 50.007
570 50.009
571 50.013
572 50.015
573 50.015
574 50.015
575 50.02
576 50.022
577 50.017
578 50.008
579 50.002
580 50.002
581 50.009
582 50.015
583 50.012
584 50.01
585 50.016
586 50.026
587 50.031
588 50.026
589 50.012
590 50
591 50
592 50.007
593 50.01
594 50.01
595 50.009
596 50.009
597 50.009
598 50.011
599 50.014
600 50.015
601 50.012
602 50.011
603 50.014
604 50.015
605 50.011
606 50.005
607 50.002
608 50.001
609 49.998
610 49.999
611 50.01
612 50.02
613 50.021
614 50.017
615 50.013
616 50.007
617 49.999
618 49.997
619 50.007
620 50.017
621 50.017
622 50.015
623 50.021
624 50.027
625 50.027
626 50.024
627 50.021
628 50.018
629 50.01
630 50.004
631 50.002
632 50.006
633 50.015
634 50.022
635 50.024
636 50.022
637 50.022
638 50.022
639 50.02
640 50.015
641 50.006
642 50
643 50.004
644 50.011
645 50.018
646 50.021
647 50.017
648 50.01
649 50.002
650 49.997
651 50.001
652 50.009
653 50.015
654 50.018
655 50.016
656 50.013
657 50.014
658 50.016
659 50.018
660 50.018
661 50.018
662 50.015
663 50.009
664 50.007
665 50.011
666 50.015
667 50.011
668 50.006
669 50.007
670 50.011
671 50.015
672 50.018
673 50.019
674 50.018
675 50.012
676 50.007
677 50.007
678 50.011
679 50.017
680 50.019
681 50.014
682 50.009
683 50.012
684 50.014
685 50.008
686 50.001
687 50.003
688 50.009
689 50.013
690 50.015
691 50.014
692 50.015
693 50.019
694 50.02
695 50.013
696 50.004
697 50.003
698 50.003
699 50.001
700 49.999
701 50.002
702 50.008
703 50.017
704 50.021
705 50.016
706 50.008
707 50.003
708 50.004
709 50.013
710 50.02
711 50.02
712 50.017
713 50.02
714 50.02
715 50.01
716 49.998
717 49.995
718 49.995
719 49.996
720 50
721 50.011
722 50.019
723 50.014
724 50.005
725 50.004
726 50.005
727 50.004
728 50.002
729 50.004
730 50.008
731 50.01
732 50.012
733 50.015
734 50.017
735 50.016
736 50.012
737 50.008
738 50.007
739 50.009
740 50.013
741 50.015
742 50.015
743 50.011
744 50.007
745 50.005
746 50.004
747 50.005
748 50.008
749 50.012
750 50.015
751 50.016
752 50.015
753 50.012
754 50.008
755 50.004
756 50
757 49.998
758 50.002
759 50.014
760 50.027
761 50.031
762 50.024
763 50.008
764 49.996
765 50
766 50.01
767 50.015
768 50.017
769 50.022
770 50.024
771 50.017
772 50.008
773 50.003
774 50
775 49.996
776 49.995
777 50
778 50.01
779 50.02
780 50.024
781 50.018
782 50.008
783 50.001
784 49.997
785 49.996
786 49.999
787 50.006
788 50.013
789 50.016
790 50.017
791 50.015
792 50.013
793 50.013
794 50.012
795 50.006
796 50
797 49.998
798 50
799 50.005
800 50.009
801 50.01
802 50.009
803 50.009
804 50.009
805 50.01
806 50.014
807 50.022
808 50.025
809 50.016
810 50.004
811 49.999
812 50.002
813 50.006
814 50.01
815 50.013
816 50.016
817 50.02
818 50.02
819 50.014
820 50.009
821 50.011
822 50.014
823 50.01
824 50.007
825 50.011
826 50.016
827 50.013
828 50.007
829 50.002
830 50.001
831 50.002
832 50.005
833 50.012
834 50.018
835 50.019
836 50.017
837 50.012
838 50.004
839 49.997
840 49.994
841 50
842 50.007
843 50.006
844 50.004
845 50.007
846 50.011
847 50.011
848 50.011
849 50.012
850 50.011
851 50.005
852 50
853 50.001
854 50.002
855 49.995
856 49.992
857 50.001
858 50.014
859 50.019
860 50.014
861 50.001
862 49.991
863 49.992
864 50.002
865 50.012
866 50.021
867 50.024
868 50.02
869 50.01
870 49.999
871 49.993
872 49.989
873 49.986
874 49.991
875 50.006
876 50.021
877 50.021
878 50.013
879 50.004
880 49.999
881 50
882 50.005
883 50.01
884 50.015
885 50.019
886 50.018
887 50.01
888 50
889 49.993
890 49.991
891 49.991
892 49.996
893 50.007
894 50.018
895 50.025
896 50.024
897 50.017
898 50.008
899 50.003
900 50.001
901 50.001
902 50.004
903 50.009
904 50.012
905 50.007
906 50.001
907 49.999
908 49.999
909 50
910 49.999
911 50.001
912 50.008
913 50.021
914 50.027
915 50.018
916 50.006
917 50.004
918 50.009
919 50.01
920 50.008
921 50.003
922 50.001
923 50.003
924 50.01
925 50.018
926 50.022
927 50.018
928 50.01
929 50.006
930 50.004
931 50.001
932 50.002
933 50.009
934 50.012
935 50.005
936 50
937 50.005
938 50.011
939 50.007
940 50.002
941 50.006
942 50.01
943 50.005
944 49.998
945 49.995
946 49.997
947 50.003
948 50.007
949 50.006
950 50.007
951 50.016
952 50.025
953 50.024
954 50.018
955 50.014
956 50.01
957 50.005
958 50.001
959 50.003
960 50.009
961 50.013
962 50.013
963 50.009
964 50.006
965 50.007
966 50.01
967 50.013
968 50.014
969 50.014
970 50.012
971 50.006
972 49.999
973 49.995
974 49.995
975 50
976 50.007
