0 18.046
1 18.098
2 18.097
3 18.061
4 18.079
5 18.086
6 18.063
7 18.098
8 18.093
9 18.115
10 18.125
11 18.123
12 18.178
13 18.19
14 18.227
15 18.215
16 18.311
17 18.333
18 18.363
19 18.393
20 18.414
21 18.482
22 18.511
23 18.549
24 18.585
25 18.603
26 18.67
27 18.72
28 18.745
29 18.812
30 18.864
31 18.844
32 18.895
33 18.948
34 18.981
35 19.024
36 19.007
37 18.987
38 19.086
39 19.119
40 19.149
41 19.196
42 19.207
43 19.237
44 19.307
45 19.319
46 19.323
47 19.356
48 19.37
49 19.389
50 19.411
51 19.456
52 19.492
53 19.535
54 19.635
55 19.636
56 19.667
57 19.67
58 19.692
59 19.689
60 19.741
61 19.77
62 19.79
63 19.812
64 19.825
65 19.845
66 19.86
67 19.855
68 19.908
69 19.944
70 19.959
71 19.971
72 20.005
73 20.008
74 20.032
75 20.089
76 20.072
77 20.089
78 20.109
79 20.14
80 20.147
81 20.161
82 20.185
83 20.187
84 20.222
85 20.211
86 20.226
87 20.249
88 20.275
89 20.299
90 20.319
91 20.336
92 20.337
93 20.359
94 20.402
95 20.4
96 20.402
97 20.424
98 20.459
99 20.441
100 20.454
101 20.455
102 20.483
103 20.505
104 20.503
105 20.515
106 20.521
107 20.516
108 20.553
109 20.585
110 20.59
111 20.598
112 20.632
113 20.637
114 20.651
115 20.629
116 20.687
117 20.679
118 20.691
119 20.704
120 20.729
121 20.723
122 20.74
123 20.717
124 20.745
125 20.774
126 20.796
127 20.779
128 20.787
129 20.793
130 20.837
131 20.838
132 20.856
133 20.818
134 20.863
135 20.835
136 20.892
137 20.862
138 20.922
139 20.888
140 20.909
141 20.924
142 20.928
143 20.928
144 20.949
145 20.972
146 20.996
147 21.005
148 21.018
149 21.001
150 21.025
151 21.017
152 21.025
153 21.038
154 21.055
155 21.076
156 21.075
157 21.059
158 21.086
159 21.116
160 21.136
161 21.153
162 21.147
163 21.134
164 21.158
165 21.162
166 21.146
167 21.18
168 21.191
169 21.19
170 21.192
171 21.207
172 21.214
173 21.238
174 21.234
175 21.264
176 21.268
177 21.285
178 21.27
179 21.26
180 21.262
181 21.294
182 21.306
183 21.329
184 21.315
185 21.341
186 21.341
187 21.333
188 21.349
189 21.361
190 21.36
191 21.363
192 21.385
193 21.421
194 21.407
195 21.389
196 21.382
197 21.435
198 21.421
199 21.437
200 21.421
201 21.428
202 21.462
203 21.465
204 21.45
205 21.464
206 21.466
207 21.502
208 21.52
209 21.518
210 21.533
211 21.506
212 21.517
213 21.527
214 21.525
215 21.54
216 21.529
217 21.568
218 21.55
219 21.582
220 21.581
221 21.596
222 21.617
223 21.608
224 21.619
225 21.613
226 21.627
227 21.637
228 21.614
229 21.635
230 21.648
231 21.682
232 21.689
233 21.705
234 21.695
235 21.724
236 21.719
237 21.737
238 21.719
239 21.719
240 21.719
241 21.753
242 21.738
243 21.813
244 21.78
245 21.79
246 21.795
247 21.777
248 21.779
249 21.802
250 21.788
251 21.799
252 21.812
253 21.823
254 21.847
255 21.853
256 21.824
257 21.819
258 21.864
259 21.854
260 21.85
261 21.865
262 21.855
263 21.872
264 21.892
265 21.887
266 21.894
267 21.898
268 21.921
269 21.902
270 21.95
271 21.927
272 21.936
273 21.929
274 21.956
275 21.976
276 21.958
277 21.98
278 22.011
279 22.01
280 21.985
281 21.997
282 22.038
283 22.058
284 22.023
285 22.043
286 22.037
287 22.031
288 22.043
289 22.031
290 22.057
291 22.078
292 22.066
293 22.087
294 22.086
295 22.121
296 22.117
297 22.116
298 22.107
299 22.118
300 22.143
301 22.16
302 22.139
303 22.16
304 22.147
305 22.15
306 22.172
307 22.189
308 22.187
309 22.187
310 22.188
311 22.213
312 22.187
313 22.219
314 22.214
315 22.205
316 22.219
317 22.215
318 22.19
319 22.238
320 22.249
321 22.254
322 22.246
323 22.229
324 22.282
325 22.276
326 22.285
327 22.264
328 22.271
329 22.28
330 22.312
331 22.293
332 22.318
333 22.323
334 22.33
335 22.331
336 22.33
337 22.335
338 22.34
339 22.357
340 22.342
341 22.334
342 22.361
343 22.362
344 22.368
345 22.366
346 22.403
347 22.37
348 22.378
349 22.395
350 22.404
351 22.409
352 22.426
353 22.437
354 22.415
355 22.43
356 22.455
357 22.448
358 22.448
359 22.443
360 22.483
361 22.464
362 22.466
363 22.472
364 22.468
365 22.488
366 22.502
367 22.507
368 22.544
369 22.563
370 22.567
371 22.562
372 22.536
373 22.551
374 22.546
375 22.566
376 22.569
377 22.571
378 22.571
379 22.579
380 22.611
381 22.626
382 22.595
383 22.585
384 22.631
385 22.635
386 22.646
387 22.624
388 22.626
389 22.616
390 22.626
391 22.65
392 22.649
393 22.643
394 22.667
395 22.677
396 22.665
397 22.701
398 22.696
399 22.679
400 22.697
401 22.716
402 22.719
403 22.754
404 22.746
405 22.741
406 22.716
407 22.733
408 22.754
409 22.757
410 22.741
411 22.753
412 22.753
413 22.746
414 22.751
415 22.786
416 22.764
417 22.789
418 22.773
419 22.804
420 22.814
421 22.791
422 22.786
423 22.829
424 22.799
425 22.826
426 22.842
427 22.826
428 22.822
429 22.829
430 22.868
431 22.847
432 22.858
433 22.86
434 22.838
435 22.899
436 22.894
437 22.893
438 22.875
439 22.88
440 22.892
441 22.913
442 22.911
443 22.909
444 22.926
445 22.912
446 22.939
447 22.936
448 22.969
449 22.953
450 22.955
451 22.97
452 22.961
453 22.973
454 22.974
455 22.976
456 22.998
457 22.966
458 22.97
459 22.97
460 22.973
461 23.012
462 22.994
463 22.979
464 23.009
465 23.013
466 23.023
467 23.014
468 23.012
469 23.005
470 23.021
471 23.049
472 23.013
473 23.041
474 23.054
475 23.088
476 23.036
477 23.058
478 23.103
479 23.072
480 23.124
481 23.129
482 23.108
483 23.14
484 23.108
485 23.103
486 23.112
487 23.113
488 23.119
489 23.139
490 23.098
491 23.147
492 23.137
493 23.152
494 23.168
495 23.174
496 23.192
497 23.183
498 23.178
499 23.19
500 23.205
501 23.195
502 23.196
503 23.222
504 23.215
505 23.206
506 23.216
507 23.227
508 23.242
509 23.236
510 23.243
511 23.269
512 23.24
513 23.254
514 23.276
515 23.297
516 23.305
517 23.315
518 23.308
519 23.315
520 23.325
521 23.325
522 23.313
523 23.328
524 23.311
525 23.334
526 23.304
527 23.342
528 23.339
529 23.311
530 23.354
531 23.342
532 23.346
533 23.366
534 23.388
535 23.39
536 23.384
537 23.364
538 23.39
539 23.403
540 23.384
541 23.384
542 23.411
543 23.411
544 23.407
545 23.403
546 23.424
547 23.405
548 23.445
549 23.441
550 23.404
551 23.421
552 23.401
553 23.434
554 23.455
555 23.427
556 23.445
557 23.47
558 23.46
559 23.453
560 23.441
561 23.468
562 23.463
563 23.464
564 23.507
565 23.512
566 23.481
567 23.515
568 23.507
569 23.511
570 23.522
571 23.528
572 23.514
573 23.502
574 23.509
575 23.526
576 23.538
577 23.558
578 23.535
579 23.545
580 23.542
581 23.555
582 23.568
583 23.551
584 23.596
585 23.573
586 23.535
587 23.555
588 23.584
589 23.604
590 23.616
591 23.639
592 23.559
593 23.612
594 23.596
595 23.623
596 23.616
597 23.623
598 23.632
599 23.62
600 23.654
601 23.615
602 23.635
603 23.645
604 23.657
605 23.654
606 23.665
607 23.659
608 23.675
609 23.696
610 23.655
611 23.672
612 23.684
613 23.669
614 23.669
615 23.661
616 23.685
617 23.703
618 23.716
619 23.725
620 23.73
621 23.704
622 23.69
623 23.723
624 23.725
625 23.739
626 23.709
627 23.711
628 23.71
629 23.742
630 23.742
631 23.748
632 23.743
633 23.739
634 23.766
635 23.799
636 23.755
637 23.79
638 23.769
639 23.793
640 23.792
641 23.755
642 23.788
643 23.807
644 23.796
645 23.822
646 23.819
647 23.799
648 23.783
649 23.805
650 23.828
651 23.825
652 23.84
653 23.856
654 23.845
655 23.891
656 23.876
657 23.858
658 23.862
659 23.85
660 23.849
661 23.855
662 23.85
663 23.834
664 23.881
665 23.883
666 23.861
667 23.882
668 23.891
669 23.884
670 23.916
671 23.942
672 23.94
673 23.934
674 23.956
675 23.941
676 23.92
677 23.93
678 23.976
679 23.939
680 23.959
681 23.952
682 23.949
683 23.967
684 23.947
685 23.966
686 23.976
687 23.975
688 23.954
689 23.969
690 23.939
691 23.945
692 24.002
693 23.978
694 23.988
695 23.992
696 23.983
697 23.993
698 24.001
699 23.99
700 23.996
701 24.003
702 24.01
703 24.002
704 24.031
705 24.011
706 24.041
707 24.025
708 24.036
709 24.019
710 24.054
711 24.029
712 24.059
713 24.03
714 24.1
715 24.077
716 24.069
717 24.08
718 24.081
719 24.103
720 24.088
721 24.097
722 24.088
723 24.092
724 24.109
725 24.098
726 24.097
727 24.113
728 24.108
729 24.107
730 24.101
731 24.106
732 24.114
733 24.12
734 24.135
735 24.12
736 24.121
737 24.143
738 24.155
739 24.158
740 24.138
741 24.162
742 24.162
743 24.151
744 24.161
745 24.173
746 24.183
747 24.169
748 24.17
749 24.192
750 24.193
751 24.183
752 24.195
753 24.184
754 24.214
755 24.225
756 24.219
757 24.22
758 24.188
759 24.225
760 24.183
761 24.255
762 24.204
763 24.218
764 24.22
765 24.229
766 24.191
767 24.238
768 24.248
769 24.25
770 24.264
771 24.267
772 24.233
773 24.252
774 24.241
775 24.284
776 24.275
777 24.279
778 24.265
779 24.308
780 24.3
781 24.26
782 24.305
783 24.296
784 24.288
785 24.314
786 24.308
787 24.318
788 24.31
789 24.346
790 24.342
791 24.343
792 24.326
793 24.31
794 24.342
795 24.315
796 24.344
797 24.365
798 24.376
799 24.349
800 24.383
801 24.337
802 24.356
803 24.376
804 24.409
805 24.371
806 24.383
807 24.386
808 24.374
809 24.411
810 24.396
811 24.401
812 24.405
813 24.395
814 24.414
815 24.417
816 24.383
817 24.396
818 24.389
819 24.412
820 24.414
821 24.447
822 24.418
823 24.437
824 24.435
825 24.415
826 24.432
827 24.436
828 24.447
829 24.429
830 24.45
831 24.455
832 24.473
833 24.482
834 24.47
835 24.447
836 24.451
837 24.46
838 24.483
839 24.483
840 24.487
841 24.462
842 24.492
843 24.492
844 24.504
845 24.498
846 24.495
847 24.496
848 24.506
849 24.49
850 24.521
851 24.529
852 24.554
853 24.557
854 24.517
855 24.538
856 24.55
857 24.538
858 24.562
859 24.549
860 24.573
861 24.559
862 24.563
863 24.552
864 24.573
865 24.555
866 24.563
867 24.539
868 24.537
869 24.561
870 24.551
871 24.594
872 24.575
873 24.571
874 24.607
875 24.608
876 24.602
877 24.599
878 24.601
879 24.583
880 24.598
881 24.603
882 24.585
883 24.608
884 24.594
885 24.618
886 24.631
887 24.618
888 24.619
889 24.663
890 24.633
891 24.651
892 24.646
893 24.656
894 24.675
895 24.65
896 24.657
897 24.649
898 24.658
899 24.684
900 24.668
901 24.698
902 24.659
903 24.679
904 24.678
905 24.669
906 24.653
907 24.69
908 24.71
909 24.665
910 24.692
911 24.704
912 24.715
913 24.679
914 24.709
915 24.712
916 24.68
917 24.697
918 24.71
919 24.703
920 24.744
921 24.732
922 24.724
923 24.727
924 24.737
925 24.743
926 24.735
927 24.721
928 24.744
929 24.747
930 24.761
931 24.753
932 24.748
933 24.76
934 24.764
935 24.755
936 24.776
937 24.765
938 24.765
939 24.767
940 24.78
941 24.782
942 24.787
943 24.761
944 24.781
945 24.795
946 24.807
947 24.797
948 24.824
949 24.8
950 24.787
951 24.818
952 24.816
953 24.814
954 24.826
955 24.812
956 24.817
957 24.807
958 24.816
959 24.824
960 24.808
961 24.835
962 24.829
963 24.806
964 24.819
965 24.823
966 24.844
967 24.825
968 24.838
969 24.863
970 24.85
971 24.842
972 24.876
973 24.864
974 24.87
975 24.869
976 24.863
